SU(5) w1

a=20, E=11.749356560123225
a=30, E=11.749342933681705
a=40, E=11.749342919831278
a=50, E=11.749342934404563